-0.5768235281370581
-0.5177014498400688
-0.5601213896405697
-0.5710154713600873
-0.6329694202971459
-0.6612615413177013
-0.6348560665416717
-0.5790974183738231
-0.5905786085128785
-0.6050706136530638
-0.6063927631878853
-0.6165546025490761
-0.5888863134330511
-0.6158994179338216
-0.6589571796882152
-0.6951189269518853
-0.7157647815668583
-0.7186694805121422
-0.7126020357275009
-0.7064412240433693
-0.6985984626305103
-0.6889646436834336
-0.6838048231506347
-0.6822678754138947
-0.6813792832863331
-0.6977369338381291
-0.7152665289771557
-0.7315207783341408
-0.7355951909852028
-0.7294747801780701
-0.7230888018155098
-0.7070768988549709
-0.6894585754966736
-0.7011156243336201
-0.7022315048241615
-0.7093740281677247
-0.7069569683504104
-0.7124314440345764
-0.7132591151666641
-0.7139150697469712
-0.7161013054275512
-0.7183779855871201
-0.7172660379695892
-0.7163050797533989
-0.7167607242536544
-0.7106372960615158
-0.6839789823818206
-0.6427850944840908
-0.6193287114608288
-0.6722425315141678
