-0.8607556899027526
-0.872598574848175
-0.8724166376161575
-0.8722541629314423
-0.8728963895010948
-0.8732959579086303
-0.8738739552879333
-0.8740025437259674
-0.8742602988243103
-0.8734306169509888
-0.8740334938049317
-0.8736981715297699
-0.8739811052322388
-0.8742420507240295
-0.8743458561134339
-0.8744224376678467
-0.8745162209320069
-0.8745941160869598
-0.8745373718929291
-0.8743946274518967
-0.8744489758968353
-0.8744795751667023
-0.8746136014080048
-0.874650872478485
-0.8745616293334961
-0.8746302864074708
-0.8747619906997681
-0.8745773922276497
-0.8744639121341705
-0.874531015663147
-0.8746257022190094
-0.8745211269664764
-0.8744162748241424
-0.8745680177402496
-0.874486848526001
-0.8746913191795349
-0.8746639706802368
-0.8745705856704712
-0.8745326291179657
-0.8745212975215911
-0.8746339056015014
-0.8747368019008637
-0.874600535144806
-0.874673330745697
-0.8745751111888885
-0.87461355509758
-0.8747276605033875
-0.8746391233921051
-0.8747383831596375
-0.8745831932353973
